Тест 2: 
1
4128 72
00000000 00000000 00000000 00000000 00000000 00000000 00010000 00100000
00000000 00000000 00000000 01001000
2
31673 507
00000000 00000000 00000000 00000000 00000000 00000000 01111011 10111001
00000000 00000000 00000001 11111011
3
27545 435
00000000 00000000 00000000 00000000 00000000 00000000 01101011 10011001
00000000 00000000 00000001 10110011
4
23457 346
00000000 00000000 00000000 00000000 00000000 00000000 01011011 10100001
00000000 00000000 00000001 01011010
12346 235
00000000 00000000 00000000 00000000 00000000 00000000 00110000 00111010
00000000 00000000 00000000 11101011
5
23456 >> 1 == 11728
00000000 00000000 00000000 00000000 00000000 00000000 00101101 11010000
345 >> 1 == 172
00000000 00000000 00000000 10101100
12345 >> 1 == 6172
00000000 00000000 00000000 00000000 00000000 00000000 00011000 00011100
234 >> 1 == 117
00000000 00000000 00000000 01110101
6
23456 << 1 == 46912
00000000 00000000 00000000 00000000 00000000 00000000 10110111 01000000
345 << 1 == 690
00000000 00000000 00000010 10110010
12345 << 1 == 24690
00000000 00000000 00000000 00000000 00000000 00000000 01100000 01110010
234 << 1 == 468
00000000 00000000 00000001 11010100
7
00000000 00000000 00000000 00000000 00000000 00000000 01011011 10100000
7
8
00000000 00000000 00000000 00000000 00000000 00000000 00110000 00111001
6
9
00000000 00000000 00000001 01011001
5
10
00000000 00000000 00000000 11101010
5
11
Первое число больше второго по количеству единичных битов.
12
Не включено.
13
Не включено.
14
